a = 0.3;
b = 3;
y1 = a.*randn(3300,1) + b; 

a2 = 0.28; 
b2 = -3; 
y2 = a2.*randn(3300,1) + b2; 
